  2.0000000e+000  4.9000000e+001  6.1000000e+001  0.0000000e+000 -7.0000000e+000  1.0000000e+000             Inf
  1.4000000e+001  2.2200000e+002  7.5000000e+001  1.2000000e+001 -1.6000000e+001  1.0000000e+000             Inf
  2.0000000e+000  5.1000000e+001  6.1000000e+001  0.0000000e+000 -7.0000000e+000  1.0000000e+000             Inf
  2.0000000e+000  5.6000000e+001  6.5000000e+001  1.0000000e+000 -8.0000000e+000  1.0000000e+000  1.0000000e+000
  8.0000000e+000  1.2200000e+002  7.5000000e+001  3.0000000e+000 -1.2000000e+001  1.0000000e+000  1.0000000e+000
  1.3000000e+001  2.3800000e+002  7.5000000e+001  1.0000000e+001 -1.5000000e+001  1.0000000e+000  1.0000000e+000
  8.0000000e+000  1.2200000e+002  7.6000000e+001  3.0000000e+000 -1.2000000e+001  1.0000000e+000  1.0000000e+000
  1.3000000e+001  2.3800000e+002  7.6000000e+001  1.0000000e+001 -1.5000000e+001  1.0000000e+000  0.0000000e+000
  8.0000000e+000  1.2200000e+002  7.5000000e+001  3.0000000e+000 -1.2000000e+001  1.0000000e+000  0.0000000e+000
  1.3000000e+001  2.3700000e+002  7.5000000e+001  1.1000000e+001 -1.5000000e+001  1.0000000e+000  0.0000000e+000
