  1.3000000e+001  2.0300000e+002  7.7000000e+001  1.2000000e+001 -1.6000000e+001  1.0000000e+000             Inf
  1.2000000e+001  2.0300000e+002  7.7000000e+001  1.2000000e+001 -1.6000000e+001  1.0000000e+000             Inf
  8.0000000e+000  1.0800000e+002  7.9000000e+001  3.0000000e+000 -1.3000000e+001  1.0000000e+000  1.1944444e+000
  5.0000000e+000  1.1200000e+002  6.0000000e+001  2.0000000e+000 -9.0000000e+000  1.0000000e+000  6.7095345e-001
  8.0000000e+000  1.0800000e+002  7.9000000e+001  3.0000000e+000 -1.3000000e+001  1.0000000e+000  4.1666667e-001
  3.0169992e+000  4.6965190e+001  6.2000000e+001  1.1056968e+000 -8.3821464e+000  1.0000000e+000  1.4321953e-001
  1.9830008e+000  4.6034810e+001  6.2000000e+001  7.2431890e-001 -7.6017991e+000  1.0000000e+000  1.2728876e-001
  2.4303381e+000  4.9457626e+001  6.1535161e+001  8.9735429e-001 -7.9239304e+000  1.0000000e+000  5.7799351e-002
  2.9495910e+000  3.6732892e+001  6.2322359e+001  1.0192115e+000 -8.3407750e+000  1.0000000e+000  4.9051968e-002
  2.0000000e+000  4.7000000e+001  6.2000000e+001  1.0000000e+000 -8.0000000e+000  1.0000000e+000  4.6417697e-002
  2.0280977e+000  5.7963675e+001  6.2007826e+001  7.5831188e-001 -7.6610719e+000  1.0000000e+000  4.4673789e-002
  2.9941594e+000  4.7070920e+001  6.2000000e+001  1.0977214e+000 -8.3681767e+000  1.0000000e+000  1.1760068e-002
  2.0000000e+000  4.7000000e+001  6.2000000e+001  1.0000000e+000 -8.0000000e+000  1.0000000e+000  1.0053137e-002
  2.0058406e+000  5.1929080e+001  6.2000000e+001  7.4467643e-001 -7.6363747e+000  1.0000000e+000  9.3563285e-003
  1.9835518e+000  4.6017469e+001  6.2000000e+001  7.2447268e-001 -7.6022444e+000  1.0000000e+000  5.5381913e-003
  3.0164482e+000  4.6982531e+001  6.2000000e+001  1.1055605e+000 -8.3818539e+000  1.0000000e+000  2.2168081e-003
