  1.3000000e+001  2.0300000e+002  7.7000000e+001  1.2000000e+001 -1.6000000e+001  1.0000000e+000             Inf
  1.2000000e+001  2.0300000e+002  7.7000000e+001  1.2000000e+001 -1.6000000e+001  1.0000000e+000             Inf
  8.0000000e+000  1.0800000e+002  7.9000000e+001  3.0000000e+000 -1.3000000e+001  1.0000000e+000  1.0000000e+000
  5.0000000e+000  1.1200000e+002  6.0000000e+001  2.0000000e+000 -9.0000000e+000  1.0000000e+000  1.0000000e+000
  8.0000000e+000  1.0800000e+002  7.9000000e+001  3.0000000e+000 -1.3000000e+001  1.0000000e+000  0.0000000e+000
  3.0000000e+000  4.7000000e+001  6.2000000e+001  1.0000000e+000 -8.0000000e+000  1.0000000e+000  0.0000000e+000
  2.0000000e+000  4.6000000e+001  6.2000000e+001  1.0000000e+000 -8.0000000e+000  1.0000000e+000  0.0000000e+000
  2.0000000e+000  4.9000000e+001  6.2000000e+001  1.0000000e+000 -8.0000000e+000  1.0000000e+000  0.0000000e+000
  3.0000000e+000  3.7000000e+001  6.2000000e+001  1.0000000e+000 -8.0000000e+000  1.0000000e+000  0.0000000e+000
  2.0000000e+000  4.7000000e+001  6.2000000e+001  1.0000000e+000 -8.0000000e+000  1.0000000e+000  0.0000000e+000
  2.0000000e+000  5.8000000e+001  6.2000000e+001  1.0000000e+000 -8.0000000e+000  1.0000000e+000  0.0000000e+000
  3.0000000e+000  4.7000000e+001  6.2000000e+001  1.0000000e+000 -8.0000000e+000  1.0000000e+000  0.0000000e+000
  2.0000000e+000  4.7000000e+001  6.2000000e+001  1.0000000e+000 -8.0000000e+000  1.0000000e+000  0.0000000e+000
  2.0000000e+000  5.2000000e+001  6.2000000e+001  1.0000000e+000 -8.0000000e+000  1.0000000e+000  0.0000000e+000
  2.0000000e+000  4.6000000e+001  6.2000000e+001  1.0000000e+000 -8.0000000e+000  1.0000000e+000  0.0000000e+000
  3.0000000e+000  4.7000000e+001  6.2000000e+001  1.0000000e+000 -8.0000000e+000  1.0000000e+000  0.0000000e+000
